Sale Price
12.278397958261774
11.561725152903833
12.055255569732177
12.404927602627597
12.15425816271595
12.18332077348399
12.271396795480596
12.162648309521318
12.373707715234994
12.149507585033072
12.077676615757813
12.128116509451258
12.102937429832547
12.052344376474922
12.264346270624157
13.195615697878253
12.00762780434872
12.885204569609956
11.856522261533737
12.25486757159303
12.154784614286667
12.04355959836804
12.283038316285214
11.91170829631447
11.917730355182513
11.863589378812122
11.744045122410057
11.652696102959753
12.122696471358964
11.472113887062386
11.566475710526321
11.385103457032141
11.755879486687116
11.917730355182513
11.695255355062795
11.891368749982085
12.837777839071741
12.631343648903034
12.887129532148373
12.580879213573434
12.301387370778713
12.524530013005734
12.464587201678082
12.273735966890268
13.323928581764989
12.319405795112926
13.122365377402328
12.676079399771027
12.675766851909591
12.230770136157428
12.075400019877522
12.20357452783082
11.982935344196433
12.165255859329688
12.12541016250223
12.285350445351659
12.12859206945914
12.100717685412471
12.312686874960354
12.716405147731708
12.779875885354993
12.469978029554953
12.691583538230217
12.577639650232573
12.30592250537653
12.923914877701906
12.308182383129823
12.228328144428588
12.279327754099118
12.47801017053037
12.448630513463613
12.511721101590597
12.358798024384122
12.10625783509458
12.230770136157428
11.870606902224587
12.149507585033072
11.507922973347437
11.736077016252437
12.178192583415596
11.931642378754141
12.049424683420915
11.119897691565697
11.626263078808801
11.904974309480183
11.83863282480007
11.711784520403112
11.798111925972618
11.751950239425476
12.037659911047468
12.154784614286667
12.80078251189375
12.560247968016562
12.468440756144114
12.154784614286667
11.951186847493476
11.92504173829169
11.915058360753719
11.931642378754141
12.310437165348775
12.086731521684555
12.083910661257521
11.951186847493476
11.898942682855576
12.498432510033044
12.445093483000798
11.951186847493476
12.235636302128867
11.779136168550774
12.345838935721968
12.294545870166347
12.40287632827253
12.230770136157428
12.26670197321789
12.188422799337028
12.193498926601634
12.049424683420915
11.865348381840844
11.870606902224587
11.767187766223199
11.976665770490767
12.094587859196112
11.822620954414864
12.103491596905931
11.83138646878959
11.349241150793087
11.864469267087891
12.194005125011843
12.058158312538197
11.665655135642039
11.245059091624615
11.759793355371237
11.938199736300925
11.790564777297387
12.08954444723597
11.946660519211651
12.100717685412471
12.154784614286667
11.813037464800539
12.273735966890268
11.820417517632333
12.016732516077072
11.884495917930655
11.904974309480183
11.863589378812122
12.02874460037869
11.594864834381662
11.979805470779858
11.58989576532275
11.813037464800539
11.715874472198905
11.686887175419702
11.599112335481124
11.561725152903833
11.58525542883217
11.88380602959621
11.767575435251748
11.487617913343598
11.87757552297847
11.995357787034976
12.396697137361691
11.790564777297387
11.944714374881176
12.019749091416921
11.811554895830454
11.982935344196433
11.904974309480183
12.165255859329688
11.951186847493476
11.294781892900653
11.477308649967686
11.603688960617083
11.652696102959753
11.870606902224587
11.58432477200052
11.289794413577894
11.686887175419702
11.775297421715827
11.686887175419702
11.767575435251748
11.51293546492023
9.456418894572888
11.570259974415547
11.918397239722838
11.842236406331555
12.388398368982115
11.245059091624615
11.916395250412128
11.74006900564972
11.715874472198905
11.854747650772435
11.763691965388299
12.252483791602627
11.373674891823535
11.80560254159177
11.759793355371237
11.790564777297387
11.848690308590857
11.727238138609684
11.837910547573129
11.603688960617083
11.849404844423074
11.915058360753719
11.982310152711182
11.711784520403112
11.608244735642321
10.915106645867503
11.849404844423074
12.406565597924235
12.06105265381003
11.58525542883217
11.51293546492023
11.461642696843066
11.444325373477971
11.651826167019166
11.451060699493427
11.820417517632333
11.824087219587643
11.78676973513378
11.707677772181546
11.736077016252437
11.944714374881176
11.834291315386718
11.970356641102999
11.829566645319733
11.984496615013056
12.001511614739405
11.97603664577121
12.700771936142122
12.506180941677357
11.350418300109132
11.759793355371237
12.468440756144114
12.345838935721968
11.728044909070785
11.326607934898927
11.881041706925902
11.767575435251748
11.751950239425476
11.759793355371237
12.133507329024972
12.637955706241554
11.643962499267984
11.349241150793087
12.08954444723597
12.506180941677357
12.292254928916668
12.371591321286905
11.898194668458823
12.41044511731981
12.235636302128867
12.200562492481511
12.138869243416009
12.676079399771027
11.83863282480007
11.951186847493476
11.976665770490767
12.160033942617156
12.208574513247495
11.918397239722838
11.993813394724253
11.761354623750297
11.751950239425476
12.669809806411457
12.513561021741964
12.37581963951765
12.388398368982115
12.323415584358154
11.87583791515714
11.870606902224587
12.354496960983985
12.269052139516223
12.130815551850676
11.349241150793087
11.956918738783733
11.51293546492023
11.87757552297847
11.06665398721974
11.737675724836684
11.580593459194764
11.407576060361786
11.849404844423074
11.635151947212842
11.289794413577894
11.881041706925902
11.552155793461898
11.759793355371237
10.97679912709094
11.751950239425476
11.744045122410057
11.982935344196433
11.51293546492023
12.037659911047468
12.458778882573533
12.278397958261774
12.493133274926212
12.721888795877375
12.221630984446026
12.128116509451258
11.998439434579149
12.574185427296195
11.74006900564972
11.314486721293981
11.608244735642321
11.133142723386813
11.54031687156214
10.932999821119937
10.822554427357035
12.413090879946887
12.448630513463613
12.154784614286667
12.211065162153215
12.042971193457888
12.04355959836804
11.982935344196433
12.301387370778713
12.099500284773487
12.066816325306588
12.504327379899443
12.277932735946903
12.220473454337986
12.843973993864076
12.037659911047468
12.063938642041201
11.842236406331555
12.022756594390605
11.332613886815139
11.691080018519527
11.350418300109132
11.23850177707664
11.231901180182515
11.387940306176102
11.356283350762888
11.775297421715827
11.969723533345908
11.917730355182513
11.976665770490767
11.820417517632333
11.989165855127435
12.560247968016562
12.35017731849889
11.732069026983156
11.964007453736912
12.75130259456002
12.15214958053555
12.506180941677357
12.149507585033072
12.84132849667433
12.034696963475044
12.834683971615659
12.535379989788607
12.388398368982115
12.386312871189734
12.086731521684555
12.128116509451258
12.160033942617156
12.08954444723597
12.128116509451258
12.108002159583695
12.019749091416921
12.08954444723597
12.066816325306588
12.06105265381003
12.323860125621126
12.103491596905931
12.141539457711714
13.126032637428713
12.827995001361906
12.468440756144114
12.128116509451258
12.468440756144114
12.10625783509458
11.320565693461432
12.278397958261774
11.944714374881176
12.206077645517674
12.425212191503038
12.141539457711714
12.122696471358964
12.535379989788607
11.964007453736912
11.931642378754141
12.193498926601634
12.392141339694389
12.481565733211923
12.301387370778713
12.367345048436391
12.269052139516223
12.031129798974042
11.970356641102999
12.013706813470414
11.970356641102999
11.820417517632333
11.908346971208951
11.957617696467539
11.759793355371237
11.870606902224587
11.245059091624615
11.699413330633599
11.732069026983156
11.48247656671073
11.775297421715827
11.6172944892629
11.736077016252437
11.626263078808801
11.48247656671073
11.678448377988165
11.691080018519527
11.87583791515714
11.891368749982085
11.908346971208951
11.719947764402807
11.898194668458823
11.834291315386718
11.898194668458823
11.908346971208951
11.835016210489899
11.763691965388299
11.51293546492023
11.910365121788654
12.729323752253295
13.043322334563697
13.091906231773164
13.22672519452875
12.691583538230217
12.454107814022272
12.442306148381938
12.896217824589245
12.721888795877375
12.90917263218775
12.90634935052389
13.02132904585825
13.321215875492413
13.275829251377
12.793862088206213
12.598118111678868
12.923670946108873
12.450981602512561
12.721888795877375
12.524166311833152
12.611541086966115
12.688501881189456
12.765691290604371
12.54254845357358
12.556733038263905
12.504327379899443
12.359527368950229
12.864242696187505
13.005831808336863
12.577639650232573
12.45254592991672
12.269052139516223
12.185875040240456
12.12541016250223
12.26670197321789
12.345838935721968
13.221305136851795
12.854486546624395
12.676079399771027
12.423202148655593
12.565497305532237
12.445093483000798
12.06105265381003
12.06105265381003
12.122696471358964
12.030534032473051
12.066816325306588
12.066816325306588
12.066816325306588
12.077676615757813
12.167856627501678
12.10625783509458
12.100717685412471
11.984184555794167
12.146858590895919
12.206077645517674
12.04355959836804
12.15214958053555
12.123239799036943
12.18332077348399
12.165255859329688
12.08954444723597
12.242891437918386
12.371591321286905
12.458778882573533
12.404927602627597
12.025755079404917
12.095146671399466
12.154784614286667
11.957617696467539
12.409017571151187
12.10625783509458
12.273735966890268
12.031725210748633
12.727841176689147
12.90669432231532
12.69771850797869
12.73670383776449
12.724869415131389
12.487488878546145
12.660331092405906
12.468440756144114
12.468440756144114
12.482002176622577
12.904209855160254
12.421188057397055
12.407383590534293
12.524530013005734
12.458778882573533
12.567554517655415
12.526346537332584
12.409017571151187
12.441148720271016
13.056225711649638
12.439875187430008
12.25486757159303
12.246739428005663
12.323860125621126
12.343470927093518
12.34496899599742
12.429220196836383
12.823631142839984
12.38212878217386
12.644330802262578
12.506180941677357
12.437188334739655
12.392556361841777
12.48560031099168
12.581081982573842
12.479913113434042
12.128116509451258
12.365215131251702
12.250094315624496
11.976665770490767
11.931642378754141
11.874097282798648
12.170450649220749
12.220966184120165
12.127575825689417
11.976665770490767
11.863589378812122
11.938199736300925
12.320490023710256
12.301387370778713
12.456835254920371
12.149507585033072
12.052344376474922
11.695255355062795
11.884495917930655
12.122696471358964
11.995357787034976
11.982935344196433
11.314486721293981
11.23850177707664
11.608244735642321
11.813037464800539
11.856522261533737
11.711784520403112
11.72885102917796
11.767575435251748
11.786008995353765
11.04106411122238
11.719947764402807
12.524530013005734
12.367345048436391
12.545223434482146
12.010671928196443
12.065280672855897
12.310437165348775
12.180759965737863
12.058158312538197
12.100717685412471
11.957617696467539
12.058158312538197
12.672165512704753
12.261985005589679
12.39504288410708
12.103491596905931
11.918397239722838
11.944714374881176
12.128116509451258
12.132162346145595
12.206077645517674
12.235636302128867
11.995357787034976
12.456446075655599
12.19552218463499
12.001511614739405
11.635151947212842
12.345838935721968
12.031129798974042
12.270225154674701
12.33270970174018
11.775297421715827
11.870606902224587
11.674202123168433
12.034696963475044
12.058158312538197
11.992266613576142
11.860062063178267
11.678448377988165
11.755879486687116
11.849404844423074
12.087435495221696
11.608244735642321
12.025755079404917
11.938199736300925
11.88518533064729
11.944714374881176
12.086731521684555
11.970356641102999
11.732069026983156
12.069685751267224
11.711784520403112
11.320565693461432
11.608244735642321
11.915058360753719
12.07254696717504
12.025755079404917
11.766799946849087
11.849404844423074
11.898194668458823
11.728044909070785
12.141539457711714
11.976665770490767
12.45293662970407
12.230770136157428
12.173037959397275
11.608244735642321
11.560772327227417
11.918397239722838
11.960817678718287
12.07824495582233
11.915058360753719
11.842236406331555
11.951186847493476
11.695255355062795
11.938199736300925
11.87757552297847
12.07824495582233
11.938199736300925
11.813037464800539
11.782960235741939
11.719947764402807
11.744045122410057
11.652696102959753
12.013100572810686
11.635151947212842
11.8879382384223
11.541522639947903
11.461642696843066
11.934926432385152
11.774527900858468
11.790564777297387
11.511934974596555
11.813037464800539
11.91170829631447
11.643962499267984
11.603688960617083
11.736077016252437
11.869907361794104
11.960817678718287
10.985309671896763
11.561725152903833
11.571203807011969
11.270866642542865
12.154784614286667
11.944714374881176
12.001511614739405
12.206077645517674
11.874097282798648
11.813037464800539
11.938199736300925
11.967187086434018
11.63956692643747
11.798111925972618
11.439289689006644
11.763691965388299
11.407576060361786
11.835016210489899
11.759793355371237
11.842236406331555
11.686046493072437
11.835016210489899
11.794345471549745
11.80186424743109
11.813037464800539
11.882770303874246
11.884495917930655
11.751950239425476
11.603688960617083
11.652696102959753
11.608244735642321
11.766799946849087
11.547336553476635
11.104972264124868
11.775297421715827
11.767575435251748
11.918397239722838
11.58525542883217
11.45689465044527
11.732069026983156
11.813037464800539
11.542493975902508
11.440365524765756
11.771443882099637
11.440365524765756
11.289794413577894
10.714439990727769
10.542732775946709
11.421917019425596
11.507922973347437
11.635151947212842
11.37940550085183
11.608244735642321
11.571203807011969
12.491176396967154
11.982935344196433
11.686887175419702
12.031725210748633
10.97679912709094
11.870606902224587
11.350418300109132
11.735276702486741
11.686887175419702
11.89478753335453
10.460270761075149
10.691967639914864
12.317171167298682
11.91170829631447
12.230770136157428
11.827743504053695
11.703554089007538
11.759793355371237
11.812296455066814
11.669937760751914
11.794345471549745
11.440365524765756
11.686887175419702
11.51293546492023
11.860062063178267
11.798111925972618
11.002116507732017
11.561725152903833
11.652696102959753
11.918397239722838
11.748005492256807
12.276069679344003
12.02874460037869
11.951186847493476
11.951186847493476
12.100161978566867
11.552155793461898
11.042937835596494
11.91170829631447
11.542493975902508
11.719947764402807
11.487617913343598
11.813037464800539
11.156264806643742
11.661354090741
11.393589974879816
12.095146671399466
12.095146671399466
11.982310152711182
11.0186455364637
11.548302261270587
11.050905878263567
12.07254696717504
11.842236406331555
12.058158312538197
11.63956692643747
11.775297421715827
11.917730355182513
11.812296455066814
11.827743504053695
11.842236406331555
12.013706813470414
11.904974309480183
12.013706813470414
11.065090289695444
11.992266613576142
11.870606902224587
11.813037464800539
11.320565693461432
12.154784614286667
11.846543632608535
11.711784520403112
11.755879486687116
11.707677772181546
11.002116507732017
11.947308393235778
11.635151947212842
11.736077016252437
11.338583982516495
11.845827048676645
11.782960235741939
11.561725152903833
11.58989576532275
11.995357787034976
11.960817678718287
12.665397584983758
12.513193308436527
12.269052139516223
12.3879816172226
12.386312871189734
11.782960235741939
11.68658461118553
11.940399914116648
11.904859438794041
11.685693195625964
11.685693195625964
11.870278179170796
11.907167833055912
11.641520946000865
12.504327379899443
12.504327379899443
12.504327379899443
12.686221512376097
12.601490784782536
12.596403811053621
12.712893259942282
12.3879816172226
12.264346270624157
12.515397562803473
12.384223015005313
12.301387370778713
12.206077645517674
12.309535862454515
12.178192583415596
12.37581963951765
12.06105265381003
12.524530013005734
12.360941638737165
12.128116509451258
11.931642378754141
11.870606902224587
12.352339472153524
12.264346270624157
12.240478903153711
11.884495917930655
11.835016210489899
12.19552218463499
12.225880174775122
12.165255859329688
12.206077645517674
12.180759965737863
12.33270970174018
12.345838935721968
12.139403856983334
12.220966184120165
12.211065162153215
11.728044909070785
11.849404844423074
11.812296455066814
11.921725007667265
11.824087219587643
11.874097282798648
11.80186424743109
11.719947764402807
11.804855999911272
11.798111925972618
12.429220196836383
12.448041876494342
12.373707715234994
12.474193386571581
12.653961664405365
12.198549416880068
12.259618151783465
12.301387370778713
12.220966184120165
12.540761149388421
12.25486757159303
12.299112067295642
12.160033942617156
12.08954444723597
12.269052139516223
11.87757552297847
11.849404844423074
12.588613659630019
12.154784614286667
12.154784614286667
12.063938642041201
12.04355959836804
11.58989576532275
12.025755079404917
11.51293546492023
12.198549416880068
11.979805470779858
11.751950239425476
11.736077016252437
12.676079399771027
11.8879382384223
11.678448377988165
11.350418300109132
11.695255355062795
11.49273296168228
11.511934974596555
11.314486721293981
11.694421681264394
11.547336553476635
11.626263078808801
11.608244735642321
11.711784520403112
11.669937760751914
11.982935344196433
11.979391594635791
11.002116507732017
11.845827048676645
12.190964083849375
11.561725152903833
11.813037464800539
11.901590234400047
11.831022768939789
11.951186847493476
12.083910661257521
11.884495917930655
11.827743504053695
12.36308066783498
12.230770136157428
12.086731521684555
11.982935344196433
11.951186847493476
12.004574385508691
11.950541482162043
12.230770136157428
11.883115664987255
12.069685751267224
12.170450649220749
11.970356641102999
11.973516181427835
12.319405795112926
11.652696102959753
11.827743504053695
11.703554089007538
11.728044909070785
12.245298166364206
12.660331092405906
12.310437165348775
11.898194668458823
11.719947764402807
11.264476926102367
11.350418300109132
11.225256725762893
12.345838935721968
10.961729133727554
12.433212202169729
12.387089184491993
12.388398368982115
12.278397958261774
11.960498140895073
12.06105265381003
11.744045122410057
12.06105265381003
11.931642378754141
11.83138646878959
12.834683971615659
12.66191713053049
12.32163544049751
12.923914877701906
12.66508168011904
12.211065162153215
12.07254696717504
12.225880174775122
12.271396795480596
12.301387370778713
12.04355959836804
12.660331092405906
12.959846800844963
11.845827048676645
11.652696102959753
11.995357787034976
12.013706813470414
11.418625774449598
11.775297421715827
11.362114203075018
11.982935344196433
11.289794413577894
11.48247656671073
11.385103457032141
11.789806920177805
11.784866799472464
12.016732516077072
11.626263078808801
11.91170829631447
11.870606902224587
11.775297421715827
12.185875040240456
12.06105265381003
12.081081821061819
12.377927112974284
12.239995696974733
12.141539457711714
12.013706813470414
12.18332077348399
12.165255859329688
12.06105265381003
12.088982494773598
12.07254696717504
12.563750586299374
12.420784751899777
12.100717685412471
12.100717685412471
12.10625783509458
12.117246896289503
12.144202560946876
12.178192583415596
12.128116509451258
12.149507585033072
12.146858590895919
12.779875885354993
12.691583538230217
12.866182555987908
11.652696102959753
12.718899265966332
11.798111925972618
12.278397958261774
12.330504638906516
12.075400019877522
12.111217862017215
12.367345048436391
12.301387370778713
12.513561021741964
11.989165855127435
12.07254696717504
12.128116509451258
11.897514169490739
12.586223364451623
12.100717685412471
11.982310152711182
12.230770136157428
11.964007453736912
12.631343648903034
11.798111925972618
11.92504173829169
11.625369830810577
11.719947764402807
11.619544188752133
12.10625783509458
11.546369912189585
11.51293546492023
11.51792295668052
11.571203807011969
11.355113089309977
11.402005077384885
11.624028460981638
11.849404844423074
11.870606902224587
11.908346971208951
11.608244735642321
12.885673487343764
12.962196972666593
12.861001210669146
13.008661502470739
12.668236246916223
12.827731880206521
12.94204221847976
12.855792879125431
12.873904582205107
13.038983942375959
12.84529412258351
12.429220196836383
12.663500657121004
13.329379172803593
12.929993908996359
12.556733038263905
12.556733038263905
12.950984134533131
12.821260987319457
12.727425661340265
12.813920618864572
12.165255859329688
12.520887034998584
12.491255347155265
12.823871084500265
12.364148469034994
12.299112067295642
11.951186847493476
11.944714374881176
12.240478903153711
12.180759965737863
12.30134191540679
12.160033942617156
11.982278882874377
12.142536288724802
12.095146671399466
12.170450649220749
12.154784614286667
12.07824495582233
12.144202560946876
12.269052139516223
12.289038768166744
12.136191879981927
12.331607778110987
12.122696471358964
12.07824495582233
12.323860125621126
12.132969552931216
12.558492047480835
12.660331092405906
12.429220196836383
12.581081982573842
12.765691290604371
12.540761149388421
12.577639650232573
12.765691290604371
12.739640688812674
12.568981617474362
12.509877789891931
12.616528611893463
12.367889578686164
12.273735966890268
12.354496960983985
12.388398368982115
12.484208043148733
12.409017571151187
12.335700805443338
12.456835254920371
12.604516495526891
12.417147664184915
12.267642702634728
12.43153750053306
12.111767460549332
12.331387247601905
12.429220196836383
12.429220196836383
12.73596827534975
12.235393555399902
12.45293662970407
12.347350829134758
12.242891437918386
11.856522261533737
12.144202560946876
12.167856627501678
11.891368749982085
11.976665770490767
11.951186847493476
12.06105265381003
12.04355959836804
12.111767460549332
12.001511614739405
12.173037959397275
12.149507585033072
12.157412722878947
12.07254696717504
12.09626335986454
12.138869243416009
12.170450649220749
11.944064817531656
11.759793355371237
11.87757552297847
11.813037464800539
11.652696102959753
11.694555115785771
11.863589378812122
12.165255859329688
11.849404844423074
12.577639650232573
12.827995001361906
12.185875040240456
12.05467400868968
12.08954444723597
12.013706813470414
11.891368749982085
11.891368749982085
12.097378802727306
12.06047445534465
12.611541086966115
12.560247968016562
12.577639650232573
12.628070334272698
12.70351207261035
11.982935344196433
12.04355959836804
12.314931534737134
12.04355959836804
12.206077645517674
12.75130259456002
12.411056299528171
12.289958727201455
12.688501881189456
11.998439434579149
11.918397239722838
12.577639650232573
12.230770136157428
12.066816325306588
12.117246896289503
11.918397239722838
11.884495917930655
12.278397958261774
11.852969885168331
12.388398368982115
11.856522261533737
11.898194668458823
11.813037464800539
11.884495917930655
11.867805799560465
11.813037464800539
12.04355959836804
12.61087420020211
12.128116509451258
12.06105265381003
12.091789104493502
12.07824495582233
11.49273296168228
11.599185726610004
11.818577604251555
11.951186847493476
12.103491596905931
12.071975378543236
11.849404844423074
11.884495917930655
12.100161978566867
12.034696963475044
11.849404844423074
11.8879382384223
11.863589378812122
11.856522261533737
11.938199736300925
11.19135563385109
10.859018228147887
11.678448377988165
11.373674891823535
11.860062063178267
11.686887175419702
11.860062063178267
12.016732516077072
11.634266607494453
12.215037342290755
12.001511614739405
11.849047640327147
12.066816325306588
12.013706813470414
12.33270970174018
11.813037464800539
11.728044909070785
11.849404844423074
11.824087219587643
12.128116509451258
12.001511614739405
12.02455676409265
11.842236406331555
12.019749091416921
11.820417517632333
11.798111925972618
11.661354090741
11.83138646878959
11.775297421715827
12.100717685412471
11.842236406331555
11.608244735642321
11.51293546492023
11.682676678340282
11.891368749982085
11.40646434386837
11.643962499267984
11.849404844423074
11.372524818667134
11.842236406331555
11.573559498507079
12.049424683420915
11.842236406331555
12.133507329024972
11.964007453736912
11.904974309480183
12.396697137361691
11.661354090741
11.451060699493427
11.495789479023493
11.751950239425476
11.976665770490767
11.74325116281265
11.951186847493476
11.835016210489899
11.630717389475995
11.566475710526321
11.755879486687116
11.775297421715827
11.918397239722838
11.603688960617083
11.849404844423074
12.031129798974042
11.826794155381588
11.870606902224587
11.19822841866684
11.967187086434018
11.716690459057835
11.6172944892629
12.45293662970407
11.06665398721974
11.845827048676645
11.678448377988165
12.206077645517674
11.688264366336298
11.713831587262764
11.695255355062795
11.951186847493476
11.264476926102367
11.461642696843066
11.652696102959753
11.898194668458823
11.849404844423074
10.747229096720554
11.630717389475995
11.588969419043872
11.082157933374816
12.59473402514672
11.845827048676645
11.944064817531656
11.790564777297387
11.49273296168228
11.643962499267984
11.775297421715827
11.771443882099637
11.770671388994348
11.989165855127435
12.001511614739405
11.759793355371237
11.711784520403112
11.669082701743504
12.691583538230217
10.915106645867503
12.122696471358964
11.608244735642321
11.78676973513378
11.48247656671073
11.657034466915164
11.835016210489899
11.58989576532275
11.283524879179666
11.938199736300925
11.603688960617083
11.728044909070785
11.579658451506333
12.013100572810686
11.686887175419702
11.695255355062795
11.964007453736912
11.561725152903833
11.635151947212842
11.652696102959753
11.277215789596893
11.719947764402807
11.305913595583258
12.000897933306716
11.918397239722838
11.724004532183379
11.774527900858468
11.759793355371237
11.134603622683905
11.751950239425476
12.240478903153711
12.122696471358964
11.998439434579149
11.884495917930655
11.775297421715827
11.982935344196433
11.989165855127435
11.755879486687116
11.4494636972589
11.820417517632333
11.856522261533737
11.695255355062795
11.755879486687116
11.751950239425476
11.402005077384885
11.736077016252437
11.288543647320601
11.350418300109132
11.319049411336588
11.813037464800539
11.728044909070785
11.80560254159177
11.813037464800539
11.808821212646512
11.755879486687116
11.904974309480183
11.771443882099637
11.967187086434018
11.60733523953139
11.884495917930655
11.775297421715827
11.938199736300925
11.695255355062795
11.931642378754141
11.59873612138334
11.467321220365207
11.289794413577894
11.914054519303125
11.88380602959621
12.128116509451258
12.013706813470414
12.367345048436391
11.849404844423074
11.58989576532275
11.884495917930655
11.934270483892945
11.87757552297847
12.06105265381003
12.165255859329688
12.409017571151187
12.394628892852941
12.45293662970407
12.083910661257521
11.74086549476798
11.951186847493476
12.388398368982115
12.468440756144114
12.128116509451258
12.367345048436391
11.982310152711182
11.50892748368293
11.80932691294063
11.686887175419702
11.58525542883217
11.736077016252437
11.277215789596893
11.461642696843066
12.47717172708952
12.468440756144114
12.330504638906516
12.323860125621126
12.34148164933907
12.086387802584193
12.423202148655593
13.07107218827772
12.886742304579007
12.337105293891872
12.323860125621126
12.180759965737863
12.206077645517674
11.951186847493476
11.87757552297847
11.884495917930655
12.328299127772787
12.281648468435115
12.242891437918386
12.170450649220749
12.144202560946876
12.160033942617156
12.30592250537653
12.352339472153524
12.367345048436391
12.317171167298682
11.777218637129327
11.917730355182513
11.970356641102999
11.898194668458823
11.871969600157657
12.001511614739405
11.608244735642321
11.751950239425476
11.735276702486741
12.345838935721968
12.37581963951765
12.367345048436391
12.348010479804223
12.345838935721968
12.312686874960354
12.567240979056246
12.520887034998584
12.611541086966115
12.45254592991672
12.323415584358154
12.388398368982115
12.117246896289503
12.240478903153711
12.25486757159303
11.824087219587643
11.884495917930655
12.249615734512616
12.128116509451258
12.273735966890268
12.24769911637256
12.136191879981927
12.25486757159303
12.132969552931216
12.100161978566867
12.296082439438212
12.170450649220749
12.149507585033072
11.913719681428494
11.856522261533737
11.91170829631447
11.881041706925902
11.350418300109132
11.890683588496984
11.719947764402807
11.901590234400047
12.013706813470414
11.813037464800539
11.58989576532275
11.83138646878959
12.016128107502665
11.898194668458823
11.986055452062393
12.07824495582233
12.559194785729225
11.982935344196433
11.904974309480183
11.314486721293981
11.314486721293981
11.678448377988165
11.320565693461432
11.428467189677395
11.695255355062795
11.472113887062386
11.502885230075814
11.779136168550774
11.813037464800539
11.816734299348461
11.51293546492023
11.58989576532275
11.49273296168228
11.112462823634855
11.819681958463892
11.849404844423074
12.097936057925594
11.824087219587643
12.031725210748633
11.775297421715827
12.149507585033072
11.994740316298905
11.884495917930655
12.160033942617156
12.083910661257521
11.901590234400047
11.418625774449598
12.35017731849889
11.652696102959753
11.835016210489899
11.91170829631447
12.147919030759663
12.19602736016897
11.608244735642321
11.552155793461898
12.457130929897918
12.850557278777309
12.649157827477366
12.481432864791325
12.373707715234994
12.319405795112926
11.665655135642039
11.92504173829169
11.744045122410057
11.695255355062795
10.915106645867503
11.699413330633599
11.699413330633599
11.686887175419702
11.744045122410057
11.507922973347437
12.016732516077072
9.48044384215367
11.39640288460621
10.596659732783579
11.300981463909618
11.302216779257382
11.082157933374816
12.880294363972055
12.592915429510244
12.429220196836383
12.524530013005734
12.611541086966115
12.509877789891931
12.269052139516223
12.049424683420915
12.052344376474922
11.51293546492023
12.339295865674435
12.34126328584159
12.394628892852941
12.567240979056246
12.591338447675579
12.588194064175278
12.48736056891218
12.058158312538197
12.02874460037869
12.295410480882369
11.918397239722838
12.122696471358964
12.100717685412471
12.07254696717504
12.356649805075568
12.180759965737863
12.628070334272698
12.607369076766119
12.821260987319457
12.251050791276203
12.237091546357338
11.891368749982085
11.986055452062393
12.06105265381003
11.728044909070785
11.652696102959753
11.771443882099637
11.561725152903833
11.460589521950299
11.934926432385152
11.49273296168228
11.302216779257382
11.635151947212842
11.763691965388299
11.691080018519527
11.779136168550774
11.835016210489899
11.80932691294063
11.982935344196433
11.83138646878959
12.055255569732177
11.542493975902508
12.027549864243364
12.025755079404917
12.404927602627597
12.498745990829315
12.323860125621126
12.031725210748633
12.083910661257521
12.037659911047468
11.992266613576142
12.433212202169729
11.982935344196433
12.100717685412471
12.0937490549462
12.07824495582233
12.225880174775122
11.982935344196433
11.982935344196433
12.007017865994577
12.031725210748633
11.946038165007204
12.04355959836804
12.242891437918386
12.111767460549332
12.264346270624157
12.841132451487937
12.76358908852511
13.2905657256374
11.951186847493476
12.675766851909591
12.879019669789754
12.998906777477094
13.02805489573287
12.116700301832573
12.066816325306588
12.08954444723597
12.07824495582233
12.269052139516223
12.165255859329688
12.154784614286667
12.180759965737863
11.904974309480183
11.928347504569842
12.190964083849375
12.167077107023179
11.931642378754141
12.04355959836804
12.07254696717504
12.07254696717504
12.19552218463499
12.066816325306588
12.094587859196112
11.842236406331555
11.872353615355413
12.122696471358964
11.951186847493476
11.798111925972618
11.691080018519527
11.719947764402807
11.608244735642321
11.759793355371237
11.699413330633599
11.798111925972618
11.951186847493476
12.083910661257521
11.63956692643747
11.635151947212842
11.641327474774709
11.571203807011969
11.715874472198905
11.759793355371237
11.951186847493476
11.86710429621008
11.769511529284653
12.782688818818986
12.659737267217572
12.669809806411457
12.683551391346773
12.669809806411457
12.752675560671685
12.936754021718041
13.106236027992704
12.733554776271227
13.017005083966255
12.54254845357358
13.079602003503023
12.886643575525625
12.847929163278053
12.429220196836383
12.994532278619134
12.94323910384853
13.122499368157166
12.468886808778029
12.666660207428574
12.674515682685282
12.693501691489768
12.826651821423713
12.742568940017076
12.777055016970678
12.765691290604371
12.560247968016562
12.547891278953442
12.411870628505058
12.35750105190255
12.429220196836383
12.179220327453931
12.225880174775122
12.206077645517674
12.240478903153711
12.252483791602627
12.252483791602627
12.218500103788143
12.54254845357358
12.533579815765737
12.670001611311875
12.307595306034257
12.206077645517674
12.110420407230512
12.07824495582233
12.094587859196112
12.032706865778723
12.054819430660869
12.198267262630514
12.220966184120165
12.09815887308463
12.080996832096167
12.106997888588934
11.963574241653713
12.019749091416921
12.087260955990747
12.063938642041201
12.058158312538197
12.176654133447505
12.330504638906516
12.130734686483382
12.464587201678082
12.146858590895919
12.07254696717504
12.278397958261774
12.238447866288572
12.119975396053194
12.016732516077072
12.259618151783465
12.10625783509458
12.299112067295642
12.07254696717504
12.04355959836804
11.995357787034976
12.138869243416009
12.128116509451258
13.521140839642674
12.859701668704687
12.421188057397055
13.05301544288996
12.923914877701906
12.683861515988351
12.437188334739655
13.534474352733596
12.505402864156405
12.662709207270272
12.577639650232573
12.577639650232573
12.971542813248437
12.479913113434042
12.706850963741102
12.269676354867313
12.469444094924292
12.676079399771027
12.552930054797935
12.278397958261774
12.945640518610816
12.449022745701502
11.898194668458823
12.371065761702207
12.650351332641707
12.42250975887691
12.33270970174018
12.468440756144114
12.323860125621126
12.425212191503038
12.634606283893019
12.429220196836383
12.307279044781756
12.249615734512616
12.256770512686108
12.449022745701502
12.264860287013262
12.506180941677357
12.623064399210183
12.644372736731912
12.428019481065613
12.336556900342153
12.473539255481047
12.441148720271016
12.487488878546145
12.73670383776449
11.891368749982085
11.898194668458823
11.91170829631447
12.10625783509458
12.211065162153215
12.163952934339763
12.095146671399466
12.278397958261774
12.09626335986454
11.759793355371237
11.87757552297847
11.87757552297847
11.701485853054026
11.794345471549745
11.790564777297387
11.794345471549745
11.767575435251748
11.87688084212164
11.884495917930655
11.763691965388299
11.74006900564972
12.611541086966115
12.591338447675579
11.767575435251748
12.049424683420915
11.898194668458823
12.618185607609803
12.560247968016562
12.273735966890268
12.019749091416921
12.174587138384211
12.249615734512616
12.175618592671356
12.242891437918386
12.20557752297723
12.011886987792716
12.081081821061819
12.07824495582233
12.034696963475044
12.083910661257521
12.083910661257521
11.910365121788654
12.066816325306588
12.384223015005313
12.225880174775122
12.614868865984631
12.652362948153474
12.541476454442867
12.449022745701502
12.175618592671356
12.292254928916668
12.272567065150636
12.138869243416009
12.109016442313738
12.829336379587506
12.154784614286667
12.328294703023394
11.873748792455272
12.388606679749202
11.998439434579149
12.00762780434872
12.128116509451258
12.146858590895919
12.449022745701502
11.827049837927534
11.973516181427835
12.075400019877522
11.751950239425476
11.751950239425476
11.870606902224587
11.957617696467539
11.87757552297847
11.686887175419702
11.542493975902508
11.848690308590857
11.928347504569842
11.748005492256807
11.884495917930655
11.695255355062795
11.728044909070785
11.575909653758895
11.852969885168331
11.83138646878959
11.67505281781187
12.004574385508691
11.989165855127435
11.970356641102999
12.32163544049751
11.898194668458823
12.206077645517674
12.111217862017215
11.923384748066601
11.530775206233024
11.728044909070785
11.83863282480007
10.579005242826247
11.07443600653965
11.06665398721974
11.626263078808801
12.013706813470414
11.87757552297847
11.827743504053695
11.561725152903833
11.89478753335453
11.744045122410057
12.07254696717504
11.973516181427835
11.648338835562747
11.87757552297847
11.767575435251748
11.856522261533737
11.782960235741939
11.864293351358109
11.842236406331555
11.969723533345908
11.845109950883979
11.918397239722838
11.695255355062795
12.071689461663043
11.661354090741
11.813037464800539
12.004574385508691
11.775297421715827
11.771443882099637
11.863589378812122
11.76446986680519
11.736077016252437
11.820417517632333
11.80932691294063
11.751950239425476
11.775297421715827
11.652696102959753
11.669082701743504
11.790564777297387
11.938199736300925
11.630717389475995
11.835016210489899
11.813037464800539
11.957617696467539
12.61686023076031
11.599112335481124
11.544433821905134
11.763691965388299
11.07443600653965
11.904974309480183
11.362114203075018
12.055255569732177
11.695255355062795
11.763691965388299
11.813037464800539
11.719134432217524
11.688566422839942
11.870606902224587
11.686887175419702
11.532737896139919
11.767575435251748
11.813037464800539
11.931642378754141
11.849404844423074
11.931642378754141
11.960817678718287
11.856522261533737
11.502885230075814
12.138869243416009
12.040614105490253
11.74006900564972
11.775297421715827
11.542493975902508
11.790564777297387
11.755879486687116
11.402005077384885
11.849404844423074
11.511934974596555
11.51293546492023
11.775297421715827
11.813037464800539
11.695255355062795
11.401681006153428
11.350418300109132
11.59451466851004
11.827743504053695
11.612779849672751
11.51293546492023
12.127575825689417
11.884495917930655
11.736077016252437
11.643962499267984
11.407576060361786
11.878269721588795
11.674202123168433
11.732069026983156
12.128116509451258
11.804855999911272
11.931642378754141
11.941462360646149
11.979805470779858
11.373674891823535
11.556951919719207
11.608244735642321
11.824087219587643
11.761744560273572
11.87757552297847
12.25486757159303
11.813037464800539
11.759793355371237
11.782960235741939
11.635151947212842
11.744045122410057
11.790564777297387
11.788669056507631
11.794345471549745
11.83138646878959
11.790564777297387
11.755879486687116
11.532737896139919
12.206077645517674
12.103491596905931
12.013706813470414
11.407576060361786
11.941950837487406
11.849404844423074
11.820417517632333
11.635151947212842
11.669937760751914
12.040614105490253
11.845109950883979
12.218500103788143
11.751950239425476
11.856522261533737
12.265760357995845
11.989165855127435
11.507922973347437
11.522885696764481
11.60733523953139
11.763691965388299
11.711784520403112
11.373674891823535
10.819798284210286
12.296831574998258
12.208574513247495
11.744045122410057
11.59451466851004
11.775297421715827
11.973200676238312
11.656168298529856
11.682676678340282
12.013706813470414
11.719947764402807
11.767575435251748
11.736077016252437
11.58989576532275
11.694421681264394
11.652696102959753
11.80932691294063
11.751950239425476
11.767575435251748
11.874097282798648
11.767575435251748
12.138869243416009
11.970356641102999
11.626263078808801
12.015220809132838
11.918397239722838
11.827743504053695
11.402005077384885
12.618185607609803
12.111767460549332
12.259618151783465
12.283038316285214
11.775297421715827
11.60733523953139
12.449022745701502
12.400820837540556
11.944714374881176
11.678448377988165
11.289794413577894
11.918397239722838
11.362114203075018
11.775297421715827
11.736077016252437
11.824087219587643
11.472113887062386
11.695255355062795
12.339295865674435
12.100161978566867
12.323860125621126
12.614868865984631
12.380030154325457
12.339295865674435
12.301387370778713
12.85832230788469
12.959540872420414
12.429220196836383
12.793862088206213
12.540761149388421
12.206782393599413
12.415121329251784
12.52815976788113
12.220966184120165
11.95655945119582
12.175618592671356
12.182809136284991
12.28765724080691
12.269047444691562
12.077676615757813
12.160033942617156
12.080696479888447
12.531776395271262
12.240478903153711
12.531776395271262
12.388398368982115
12.141539457711714
12.53897064502647
11.845827048676645
11.744045122410057
12.086731521684555
12.07254696717504
12.259618151783465
11.891368749982085
11.904298410001253
11.724813914587886
12.229549885708273
12.369470438714096
12.28765724080691
12.15767515425465
12.289958727201455
12.328294703023394
12.100717685412471
11.782960235741939
11.941462360646149
11.982935344196433
11.812296455066814
11.775297421715827
11.695255355062795
11.630717389475995
11.711784520403112
11.751950239425476
11.669937760751914
12.631016799175821
12.339295865674435
12.506180941677357
12.165255859329688
12.269052139516223
12.206077645517674
12.495007682693725
12.337105293891872
12.524530013005734
12.259618151783465
12.560247968016562
12.388398368982115
11.78676973513378
12.41674272554783
12.299112067295642
12.128116509451258
12.097378802727306
12.271396795480596
12.098493002763465
12.063938642041201
12.030772381667665
12.035734994038894
12.025755079404917
11.849404844423074
11.682676678340282
11.608244735642321
11.459007676978688
11.711784520403112
11.608244735642321
11.682676678340282
11.80186424743109
11.904974309480183
11.856522261533737
11.951186847493476
11.964007453736912
12.052344376474922
12.121880925931379
12.126764251515691
11.849404844423074
11.788669056507631
11.026808713825016
11.6172944892629
11.49782197939291
11.277215789596893
11.59451466851004
11.608244735642321
11.626263078808801
11.736077016252437
11.280690713644239
11.686887175419702
12.206077645517674
11.918397239722838
12.013706813470414
11.477308649967686
11.824087219587643
11.89478753335453
12.07254696717504
11.908346971208951
11.860062063178267
12.154521423145216
11.813037464800539
12.00762780434872
11.411457364027745
11.842236406331555
11.693169865968983
11.884495917930655
11.884495917930655
12.380030154325457
11.941462360646149
12.384223015005313
12.791358964949923
12.144202560946876
12.301387370778713
11.849404844423074
12.660331092405906
12.466515835145202
12.458778882573533
12.299112067295642
12.28765724080691
12.211065162153215
12.278397958261774
11.727238138609684
12.04355959836804
12.206077645517674
12.19602736016897
12.209192772866418
12.660331092405906
11.652696102959753
11.856522261533737
11.373674891823535
11.774142918254926
11.51293546492023
11.924438911612596
11.227919807721856
11.681832447342321
11.112462823634855
11.931642378754141
11.128805910881441
11.691916481667727
11.849404844423074
11.735276702486741
12.834683971615659
12.367345048436391
12.119975396053194
11.957617696467539
11.80560254159177
12.278397958261774
12.409017571151187
12.25486757159303
11.904974309480183
11.870606902224587
12.404927602627597
12.706850963741102
12.04355959836804
12.456835254920371
12.353259131555799
12.496130643234865
12.490879338036375
12.384223015005313
12.424810506025395
12.066816325306588
12.141539457711714
12.225880174775122
12.103491596905931
12.141539457711714
12.549665896013254
12.08954444723597
12.506180941677357
12.5421912482017
12.137263685701864
12.554840409959793
12.879019669789754
12.546871224308068
11.898194668458823
11.775297421715827
11.849404844423074
11.792456911128632
11.870606902224587
12.031725210748633
11.774527900858468
11.80560254159177
11.356283350762888
11.575909653758895
11.44999631476691
11.225256725762893
11.344518647594766
11.227786821924543
11.896833207128452
11.941462360646149
12.144202560946876
12.185875040240456
11.964007453736912
11.835016210489899
11.771443882099637
11.289794413577894
11.771443882099637
11.813037464800539
11.732069026983156
11.842236406331555
11.445727410406752
11.732069026983156
11.917730355182513
11.967187086434018
12.037659911047468
12.437188334739655
12.16577655436517
12.119975396053194
12.310437165348775
12.04355959836804
12.141539457711714
12.216027926866138
12.128116509451258
12.676079399771027
12.388398368982115
12.429220196836383
12.3879816172226
12.6410997921206
12.52352951631214
12.506180941677357
12.119975396053194
12.017336559562407
12.081081821061819
11.775297421715827
12.384223015005313
12.524530013005734
13.033199868056473
13.208953832485427
12.783764080192826
13.229569788348705
12.799178471909892
13.190023895035274
12.902165483378688
12.991755706536901
12.037659911047468
11.884495917930655
12.669809806411457
12.672949516558306
13.060490101343552
12.218500103788143
12.34148164933907
12.367345048436391
12.154784614286667
12.037659911047468
12.394628892852941
12.148978347281835
12.242891437918386
12.429220196836383
12.100161978566867
12.055255569732177
12.592436480335937
12.12541016250223
11.941462360646149
12.000897933306716
12.10625783509458
11.951186847493476
11.840796531639839
11.6617850286409
11.385103457032141
11.487617913343598
12.154784614286667
11.566475710526321
11.74006900564972
11.326607934898927
11.661354090741
11.424105180165641
11.678448377988165
11.39640288460621
11.58989576532275
11.456365695436427
11.893421422254848
11.884495917930655
11.719947764402807
11.83138646878959
11.87757552297847
12.660331092405906
12.928982491045394
12.74444728628135
12.437188334739655
13.049794835104816
12.587931300962664
12.936036208848487
12.694655727828803
12.692506186542177
12.6410997921206
12.611541086966115
12.526346537332584
12.732282325539853
12.75130259456002
12.74878639539024
12.605643751415895
12.706547888433661
12.793862088206213
12.546113507028412
12.827718453801348
12.84265212010087
12.832013750189885
12.988043102265232
12.524530013005734
12.53897064502647
12.13270055639427
12.551437369385376
12.218500103788143
12.2193145828011
12.713495486391599
12.644621081771527
12.053801032483948
12.043500773454495
12.046144474763969
12.043471359700034
12.098854850641
12.29779001527865
12.067907677312713
12.059809113551397
12.460718739865236
12.128662303473503
12.256057334066451
12.36308066783498
12.278397958261774
12.417107177699299
12.093693109638318
12.323860125621126
12.027191164883384
11.962860306502243
12.271349956195543
12.485830907348902
12.415437707935368
12.165984756488543
12.118339189722553
12.08954444723597
12.213499994358957
12.348010479804223
12.100717685412471
12.057578437658945
12.278397958261774
12.20557752297723
12.06105265381003
12.569336335929005
12.345838935721968
12.759960632315702
12.563750586299374
12.611541086966115
13.345508528717259
12.91164481522143
12.54254845357358
12.460718739865236
12.765691290604371
13.278513770756783
12.679199517372098
12.577639650232573
12.660331092405906
12.437188334739655
12.727306910950475
12.955129822091815
12.577639650232573
12.354496960983985
12.201065128819632
12.19905306582726
12.913492485376837
12.357079818283598
12.491255347155265
12.136191879981927
12.210194140489344
12.190964083849375
12.128116509451258
12.07824495582233
12.142871895843887
11.845827048676645
12.137799158081608
11.790564777297387
11.86710429621008
11.970356641102999
12.122696471358964
12.127575825689417
12.138869243416009
12.077676615757813
12.423202148655593
12.055255569732177
11.92504173829169
11.918397239722838
11.580593459194764
11.694421681264394
11.771443882099637
11.736077016252437
11.691080018519527
11.87757552297847
11.92504173829169
11.744045122410057
11.661354090741
11.80186424743109
11.702520505730682
11.827743504053695
11.728044909070785
11.813037464800539
11.769124610238766
12.468440756144114
12.468440756144114
12.718899265966332
12.644330802262578
12.498745990829315
12.476103599529843
12.080515091473
12.190964083849375
11.92504173829169
11.900912042974875
11.917730355182513
11.878630514504515
12.019749091416921
12.12215284831553
12.013706813470414
11.842236406331555
12.206077645517674
12.30592250537653
12.506180941677357
12.013706813470414
12.273735966890268
12.144202560946876
12.154784614286667
12.04355959836804
12.861001210669146
11.89478753335453
12.04355959836804
12.47801017053037
12.100161978566867
12.429220196836383
12.014615485902027
12.010671928196443
11.849404844423074
11.816734299348461
11.863589378812122
11.951186847493476
11.967187086434018
11.83863282480007
11.849404844423074
11.731265497840116
11.970356641102999
11.891368749982085
12.154784614286667
11.824087219587643
11.774527900858468
11.884495917930655
12.132969552931216
11.982935344196433
12.025755079404917
11.967187086434018
11.849404844423074
11.918397239722838
11.928347504569842
11.773757787382696
11.827743504053695
11.827743504053695
11.7085004721646
11.356283350762888
11.288543647320601
11.751950239425476
11.989165855127435
11.89478753335453
11.813037464800539
11.834291315386718
11.798111925972618
11.827743504053695
11.703554089007538
11.686887175419702
12.055255569732177
11.498836682527127
12.328294703023394
11.678448377988165
12.367345048436391
11.813037464800539
11.794345471549745
11.870606902224587
11.790564777297387
11.886218559372042
11.995357787034976
11.904974309480183
11.856522261533737
11.938199736300925
11.808955099378537
11.820123358887447
11.957617696467539
11.849404844423074
11.845827048676645
11.951186847493476
11.751950239425476
11.80186424743109
11.736077016252437
11.863589378812122
12.025755079404917
11.976665770490767
12.100717685412471
11.751950239425476
11.626263078808801
11.510933482289435
11.669937760751914
11.59433032142082
11.127277689932466
11.372524818667134
11.695255355062795
11.954407441448915
11.289794413577894
11.561725152903833
11.982935344196433
12.04355959836804
11.982935344196433
11.982622797311857
12.013706813470414
11.976665770490767
11.898194668458823
11.652696102959753
11.979805470779858
11.695255355062795
11.774527900858468
12.117246896289503
11.967187086434018
12.533579815765737
12.242891437918386
11.901590234400047
11.813037464800539
11.603688960617083
11.60733523953139
11.803361242493628
11.307142836927456
11.37940550085183
11.445727410406752
11.686887175419702
11.856522261533737
11.891368749982085
11.951186847493476
11.80932691294063
11.695255355062795
11.561725152903833
11.728044909070785
12.037659911047468
11.580593459194764
11.813037464800539
11.621788838451959
11.960817678718287
12.08954444723597
11.848690308590857
11.561725152903833
11.608244735642321
11.621788838451959
11.58989576532275
11.621788838451959
11.728044909070785
11.561725152903833
11.661354090741
11.481445117743048
11.816734299348461
11.842236406331555
11.026808713825016
11.695255355062795
11.745433036677353
11.06665398721974
11.827743504053695
11.373674891823535
12.001511614739405
11.951186847493476
11.277215789596893
11.87757552297847
11.648373769145277
11.964007453736912
11.736077016252437
13.07107218827772
11.445727410406752
11.736077016252437
11.07443600653965
11.51293546492023
11.850832386224807
12.218500103788143
11.976665770490767
11.694421681264394
11.648338835562747
11.652696102959753
11.225256725762893
11.385103457032141
11.296024885689746
11.91170829631447
11.608244735642321
11.612779849672751
11.39640288460621
11.635151947212842
11.599112335481124
12.301387370778713
11.767575435251748
11.669937760751914
10.868587496017359
11.580593459194764
11.665655135642039
11.184435286790631
11.691080018519527
11.74006900564972
11.418625774449598
11.344518647594766
11.407576060361786
11.83138646878959
11.918397239722838
11.782960235741939
11.775297421715827
11.736077016252437
11.289794413577894
11.964007453736912
11.904974309480183
11.407576060361786
11.947955847790901
11.942113610091182
12.010671928196443
11.790564777297387
11.86710429621008
11.970356641102999
11.915058360753719
12.013706813470414
12.100717685412471
11.986055452062393
11.960817678718287
11.964007453736912
12.058158312538197
11.951186847493476
12.04355959836804
11.561725152903833
11.884495917930655
12.031725210748633
12.535379989788607
12.00762780434872
12.323860125621126
11.775297421715827
11.86710429621008
11.907673348237187
12.154784614286667
11.891368749982085
11.759793355371237
12.323860125621126
12.524420916542532
12.367345048436391
12.936036208848487
12.111767460549332
11.813037464800539
11.827743504053695
11.827013315851762
11.917730355182513
11.724004532183379
11.440365524765756
11.424105180165641
12.100717685412471
12.250094315624496
12.278397958261774
12.32163544049751
12.34496899599742
12.120520203776788
12.175618592671356
12.174994689959313
12.308182383129823
12.230282214644559
12.387560521575551
12.361177156030575
12.468440756144114
12.594394985777612
12.253437985595856
12.323860125621126
12.10625783509458
12.301387370778713
12.154784614286667
12.100717685412471
12.54254845357358
11.97603664577121
11.904974309480183
11.884495917930655
12.138869243416009
12.170450649220749
11.957617696467539
12.367345048436391
12.28765724080691
12.273735966890268
12.185875040240456
12.28765724080691
12.206077645517674
12.167856627501678
12.230770136157428
11.794345471549745
11.967187086434018
12.066816325306588
11.763691965388299
11.763691965388299
11.917730355182513
11.694421681264394
11.827743504053695
12.449022745701502
12.310437165348775
12.273735966890268
12.301387370778713
12.524530013005734
12.190964083849375
12.345838935721968
12.500609917318906
12.259144108039314
12.33270970174018
12.37581963951765
12.521981322562505
12.28690580994122
11.798111925972618
11.956976469393481
12.359784657728284
12.240478903153711
12.180759965737863
12.206077645517674
12.221754047131853
12.184854116317803
12.268582547911404
12.188422799337028
12.19602736016897
12.066241450757124
12.0075668272517
12.013646205940514
11.49273296168228
11.917730355182513
11.532737896139919
11.755879486687116
11.755879486687116
11.694421681264394
12.188422799337028
11.672072215056804
12.34148164933907
11.884495917930655
11.849404844423074
11.86710429621008
11.80560254159177
11.775297421715827
11.775297421715827
11.83138646878959
11.775297421715827
11.49171204297103
11.429554725537322
11.580593459194764
11.302216779257382
11.560772327227417
11.652696102959753
11.736077016252437
11.661354090741
11.326607934898927
11.682676678340282
10.463131911491967
11.703554089007538
11.982935344196433
11.849404844423074
11.827743504053695
11.759793355371237
11.982935344196433
11.841423131921784
11.91170829631447
11.532737896139919
12.025755079404917
12.206577518060588
11.782960235741939
11.626263078808801
11.849404844423074
12.180759965737863
12.345838935721968
12.175618592671356
11.83138646878959
12.429220196836383
12.292254928916668
12.384223015005313
12.20357452783082
12.25486757159303
12.345838935721968
12.289958727201455
12.456835254920371
11.964007453736912
12.314931534737134
11.532737896139919
11.887250721636997
11.184435286790631
11.350418300109132
11.575909653758895
11.842236406331555
11.58989576532275
10.853019618190086
10.471978128496518
11.652696102959753
11.264476926102367
12.834683971615659
12.611541086966115
12.398761113062513
11.884495917930655
12.250094315624496
11.813037464800539
11.904974309480183
12.049424683420915
12.721888795877375
12.345838935721968
12.43227152457339
12.337105293891872
12.07824495582233
12.100717685412471
12.429220196836383
12.216027926866138
12.652362948153474
12.676079399771027
12.820990681250251
12.79358427261286
11.308370569092329
12.278397958261774
12.00762780434872
11.941462360646149
11.344518647594766
11.556951919719207
11.751950239425476
11.927687224983487
11.748005492256807
11.89478753335453
11.19822841866684
11.282266241614355
11.849404844423074
11.429554725537322
11.379976759693314
11.283524879179666
11.413116179350727
11.170449240431308
11.924379271639218
12.144202560946876
11.982935344196433
11.782960235741939
11.86710429621008
11.782960235741939
11.790564777297387
12.04355959836804
12.144202560946876
